xof 0303txt 0032
Frame Armature {
	FrameTransformMatrix {
		100.000000,0.000000,0.000000,0.000000,
		0.000000,-0.000016,100.000000,0.000000,
		0.000000,-100.000000,-0.000016,0.000000,
		272.760773,154.972031,808.559021,1.000000;;
	}
	Frame Bone {
		FrameTransformMatrix {
			1.000000,0.000000,0.000000,0.000000,
			0.000000,-0.000000,-1.000000,0.000000,
			0.000000,1.000000,-0.000000,0.000000,
			14.239029,0.000000,1.647813,1.000000;;
		}
		Frame Bone.001 {
			FrameTransformMatrix {
				-1.000000,0.000000,0.000000,0.000000,
				-0.000000,0.995154,-0.098330,0.000000,
				-0.000000,-0.098330,-0.995154,0.000000,
				0.000000,0.270328,-17.674997,1.000000;;
			}
			Frame Bone.002 {
				FrameTransformMatrix {
					-0.783919,0.007272,0.620821,0.000000,
					-0.036772,0.997632,-0.058117,0.000000,
					-0.619773,-0.068388,-0.781795,0.000000,
					30.867718,0.053253,2.069028,1.000000;;
				}
				Frame Bone.003 {
					FrameTransformMatrix {
						0.783918,0.036772,0.619774,0.000000,
						-0.053810,0.998512,0.008818,0.000000,
						-0.618527,-0.040262,0.784731,0.000000,
						-40.442371,-2.538242,33.133614,1.000000;;
					}
					Frame Bone.004 {
						FrameTransformMatrix {
							1.000000,-0.000001,0.000000,0.000000,
							0.000001,1.000000,-0.000000,0.000000,
							-0.000000,0.000000,1.000000,0.000000,
							48.589188,0.192347,0.000008,1.000000;;
						}
						Frame Bone.005 {
							FrameTransformMatrix {
								1.000000,0.000001,0.000000,0.000000,
								-0.000001,1.000000,-0.000000,0.000000,
								-0.000000,0.000000,1.000000,0.000000,
								12.074325,0.074946,-11.790827,1.000000;;
							}
							Frame Bone.005_end {
								FrameTransformMatrix {
									1.000000,0.000000,0.000000,0.000000,
									0.000000,1.000000,0.000000,0.000000,
									0.000000,0.000000,1.000000,0.000000,
									0.000000,3.550160,0.000000,1.000000;;
								}
							}
						}
					}
				}
			}
		}
	}
}
